abcdef:0.123000
abcdef:0.150000
